start=281.086000
pause=yes
volume=74.000000
fullscreen=yes
saturation=1
